0 1 1 0
5 1 1 0
10 1 1 0
15 1 1 0
20 1 1 0
26 1 1 0
31 1 1 9
36 1 1 9
41 1 1 9
47 2 1 100
52 2 2 100
57 2 2 100
62 2 2 100
67 2 2 100
73 2 2 100
78 4 4 99
83 4 4 99
88 4 4 99
94 4 4 98
99 4 4 98
104 4 4 88
109 4 4 88
115 4 4 88
120 6 4 89
125 6 6 89
130 6 6 89
136 6 6 88
141 6 6 88
146 6 6 88
152 6 6 86
157 6 6 86
162 6 6 86
167 6 6 85
173 6 6 85
178 6 6 85
183 6 6 83
188 6 6 83
194 6 6 83
199 6 6 83
204 6 6 83
209 6 6 78
215 6 6 78
220 6 6 78
225 6 6 84
231 6 6 84
236 6 6 84
241 6 6 82
246 6 6 82
252 6 6 82
257 6 6 79
262 6 6 79
267 6 6 79
272 6 6 45
278 6 6 45
283 6 6 45
288 6 6 2
293 6 6 2
298 6 6 2
304 6 6 0
309 6 6 0
314 6 6 0
